  1.00000011E-006     1.16415322E-010
  1.00000022E-006     0.23333703
  0.000234337043     0.232337028
  0.000466674072     0.23333703
  0.000700011093     0.232337028
  0.000932348135     0.23333703
  0.00116568513     0.232337028
  0.00139802217     0.23333703
  0.00163135922     0.232337028
  0.00186369626     0.23333703
  0.0020970332     0.232337028
  0.00232937024     0.23333703
  0.00256270729     0.232337028
  0.00279504433     0.23333703
  0.00302838138     0.232337028
  0.00326071843     0.23333703
  0.00349405548     0.232337028
  0.00372639252     0.23333703
  0.00395972934     0.232337028
  0.00419206638     0.23333703
  0.0044254032     0.232337028
  0.00465774024     0.23333703
  0.00489107706     0.232337028
  0.0051234141     0.23333703
  0.00535675092     0.232337028
  0.00558908796     0.23333703
  0.00582242478     0.232337028
  0.00605476182     0.23333703
  0.00628809864     0.232337028
  0.00652043568     0.23333703
  0.0067537725     0.232337028
  0.00698610954     0.23333703
  0.00721944636     0.232337028
  0.0074517834     0.23333703
  0.00768512022     0.232337028
  0.00791745726     0.23333703
  0.00815079454     0.232337028
  0.00838313159     0.23333703
  0.00861646887     0.232337028
  0.00884880591     0.23333703
  0.00908214319     0.232337028
  0.00931448024     0.23333703
  0.00954781752     0.232337028
  0.00978015456     0.23333703
  0.0100134918     0.232337028
  0.0102458289     0.23333703
  0.0104791662     0.232337028
  0.0107115032     0.23333703
  0.0109448405     0.232337028
  0.0111771775     0.23333703
  0.0114105148     0.232337028
  0.0116428519     0.23333703
  0.0118761891     0.232337028
  0.0121085262     0.23333703
  0.0123418635     0.232337028
  0.0125742005     0.23333703
  0.0128075378     0.232337028
  0.0130398748     0.23333703
  0.0132732121     0.232337028
  0.0135055492     0.23333703
  0.0137388865     0.232337028
  0.0139712235     0.23333703
  0.0142045608     0.232337028
  0.0144368978     0.23333703
  0.0146702351     0.232337028
  0.0149025721     0.23333703
  0.0151359094     0.232337028
  0.0153682465     0.23333703
  0.0156015838     0.232337028
  0.0158339199     0.23333703
  0.0160672572     0.232337028
  0.0162995942     0.23333703
  0.0165329315     0.232337028
  0.0167652685     0.23333703
  0.0169986058     0.232337028
  0.0172309428     0.23333703
  0.0174642801     0.232337028
  0.0176966172     0.23333703
  0.0179299545     0.232337028
  0.0181622915     0.23333703
  0.0183956288     0.232337028
  0.0186279658     0.23333703
  0.0188613031     0.232337028
  0.0190936401     0.23333703
  0.0193269774     0.232337028
  0.0195593145     0.23333703
  0.0197926518     0.232337028
  0.0200249888     0.23333703
  0.0202583261     0.232337028
  0.0204906631     0.23333703
  0.0207240004     0.232337028
  0.0209563375     0.23333703
  0.0211896747     0.232337028
  0.0214220118     0.23333703
  0.0216553491     0.232337028
  0.0218876861     0.23333703
  0.0221210234     0.232337028
  0.0223533604     0.23333703
  0.0225866977     0.232337028
  0.0228190348     0.23333703
  0.023052372     0.232337028
  0.0232847091     0.23333703
  0.0235180464     0.232337028
  0.0237503834     0.23333703
  0.0239837207     0.232337028
  0.0242160577     0.23333703
  0.024449395     0.232337028
  0.0246817321     0.23333703
  0.0249150693     0.232337028
  0.0251474064     0.23333703
  0.0253807437     0.232337028
  0.0256130807     0.23333703
  0.025846418     0.232337028
  0.026078755     0.23333703
  0.0263120923     0.232337028
  0.0265444294     0.23333703
  0.0267777666     0.232337028
  0.0270101037     0.23333703
  0.027243441     0.232337028
  0.027475778     0.23333703
  0.0277091153     0.232337028
  0.0279414523     0.23333703
  0.0281747896     0.232337028
  0.0284071267     0.23333703
  0.0286404639     0.232337028
  0.028872801     0.23333703
  0.0291061383     0.232337028
  0.0293384753     0.23333703
  0.0295718126     0.232337028
  0.0298041496     0.23333703
  0.0300374869     0.232337028
  0.030269824     0.23333703
  0.0305031613     0.232337028
  0.0307354983     0.23333703
  0.0309688356     0.232337028
  0.0312011726     0.23333703
  0.0314345099     0.232337028
  0.0316668451     0.23333703
  0.0319001824     0.232337028
  0.0321325175     0.23333703
  0.0323658548     0.232337028
  0.03259819     0.23333703
  0.0328315273     0.232337028
  0.0330638625     0.23333703
  0.0332971998     0.232337028
  0.0335295349     0.23333703
  0.0337628722     0.232337028
  0.0339952074     0.23333703
  0.0342285447     0.232337028
  0.0344608799     0.23333703
  0.0346942171     0.232337028
  0.0349265523     0.23333703
  0.0351598896     0.232337028
  0.0353922248     0.23333703
  0.0356255621     0.232337028
  0.0358578973     0.23333703
  0.0360912345     0.232337028
  0.0363235697     0.23333703
  0.036556907     0.232337028
  0.0367892422     0.23333703
  0.0370225795     0.232337028
  0.0372549146     0.23333703
  0.0374882519     0.232337028
  0.0377205871     0.23333703
  0.0379539244     0.232337028
  0.0381862596     0.23333703
  0.0384195969     0.232337028
  0.038651932     0.23333703
  0.0388852693     0.232337028
  0.0391176045     0.23333703
  0.0393509418     0.232337028
  0.039583277     0.23333703
  0.0398166142     0.232337028
  0.0400489494     0.23333703
  0.0402822867     0.232337028
  0.0405146219     0.23333703
  0.0407479592     0.232337028
  0.0409802943     0.23333703
  0.0412136316     0.232337028
  0.0414459668     0.23333703
  0.0416793041     0.232337028
  0.0419116393     0.23333703
  0.0421449766     0.232337028
  0.0423773117     0.23333703
  0.042610649     0.232337028
  0.0428429842     0.23333703
  0.0430763215     0.232337028
  0.0433086567     0.23333703
  0.0435419939     0.232337028
  0.0437743291     0.23333703
  0.0440076664     0.232337028
  0.0442400016     0.23333703
  0.0444733389     0.232337028
  0.0447056741     0.23333703
  0.0449390113     0.232337028
  0.0451713465     0.23333703
  0.0454046838     0.232337028
  0.045637019     0.23333703
  0.0458703563     0.232337028
  0.0461026914     0.23333703
  0.0463360287     0.232337028
  0.0465683639     0.23333703
  0.0468017012     0.232337028
  0.0470340364     0.23333703
  0.0472673737     0.232337028
  0.0474997088     0.23333703
  0.0477330461     0.232337028
  0.0479653813     0.23333703
  0.0481987186     0.232337028
  0.0484310538     0.23333703
  0.048664391     0.232337028
  0.0488967262     0.23333703
  0.0491300635     0.232337028
  0.0493623987     0.23333703
  0.049595736     0.232337028
  0.0498280711     0.23333703
  0.0500614084     0.232337028
  0.0502937436     0.23333703
  0.0505270809     0.232337028
  0.0507594161     0.23333703
  0.0509927534     0.232337028
  0.0512250885     0.23333703
  0.0514584258     0.232337028
  0.051690761     0.23333703
  0.0519240983     0.232337028
  0.0521564335     0.23333703
  0.0523897707     0.232337028
  0.0526221059     0.23333703
  0.0528554432     0.232337028
  0.0530877784     0.23333703
  0.0533211157     0.232337028
  0.0535534509     0.23333703
  0.0537867881     0.232337028
  0.0540191233     0.23333703
  0.0542524606     0.232337028
  0.0544847958     0.23333703
  0.0547181331     0.232337028
  0.0549504682     0.23333703
  0.0551838055     0.232337028
  0.0554161407     0.23333703
  0.055649478     0.232337028
  0.0558818132     0.23333703
  0.0561151505     0.232337028
  0.0563474856     0.23333703
  0.0565808229     0.232337028
  0.0568131581     0.23333703
  0.0570464954     0.232337028
  0.0572788306     0.23333703
  0.0575121678     0.232337028
  0.057744503     0.23333703
  0.0579778403     0.232337028
  0.0582101755     0.23333703
  0.0584435128     0.232337028
  0.0586758479     0.23333703
  0.0589091852     0.232337028
  0.0591415204     0.23333703
  0.0593748577     0.232337028
  0.0596071929     0.23333703
  0.0598405302     0.232337028
  0.0600728653     0.23333703
  0.0603062026     0.232337028
  0.0605385378     0.23333703
  0.0607718751     0.232337028
  0.0610042103     0.23333703
  0.0612375475     0.232337028
  0.0614698827     0.23333703
  0.06170322     0.232337028
  0.0619355552     0.23333703
  0.0621688925     0.232337028
  0.0624012277     0.23333703
  0.0626345649     0.232337028
  0.0628669038     0.23333703
  0.0631002411     0.232337028
  0.06333258     0.23333703
  0.0635659173     0.232337028
  0.0637982562     0.23333703
  0.0640315935     0.232337028
  0.0642639324     0.23333703
  0.0644972697     0.232337028
  0.0647296086     0.23333703
  0.0649629459     0.232337028
  0.0651952848     0.23333703
  0.0654286221     0.232337028
  0.065660961     0.23333703
  0.0658942983     0.232337028
  0.0661266372     0.23333703
  0.0663599744     0.232337028
  0.0665923133     0.23333703
  0.0668256506     0.232337028
  0.0670579895     0.23333703
  0.0672913268     0.232337028
  0.0675236657     0.23333703
  0.067757003     0.232337028
  0.0679893419     0.23333703
  0.0682226792     0.232337028
  0.0684550181     0.23333703
  0.0686883554     0.232337028
  0.0689206943     0.23333703
  0.0691540316     0.232337028
  0.0693863705     0.23333703
  0.0696197078     0.232337028
  0.0698520467     0.23333703
  0.070085384     0.232337028
  0.0703177229     0.23333703
  0.0705510601     0.232337028
  0.070783399     0.23333703
  0.0710167363     0.232337028
  0.0712490752     0.23333703
  0.0714824125     0.232337028
  0.0717147514     0.23333703
  0.0719480887     0.232337028
  0.0721804276     0.23333703
  0.0724137649     0.232337028
  0.0726461038     0.23333703
  0.0728794411     0.232337028
  0.07311178     0.23333703
  0.0733451173     0.232337028
  0.0735774562     0.23333703
  0.0738107935     0.232337028
  0.0740431324     0.23333703
  0.0742764696     0.232337028
  0.0745088086     0.23333703
  0.0747421458     0.232337028
  0.0749744847     0.23333703
  0.075207822     0.232337028
  0.0754401609     0.23333703
  0.0756734982     0.232337028
  0.0759058371     0.23333703
  0.0761391744     0.232337028
  0.0763715133     0.23333703
  0.0766048506     0.232337028
  0.0768371895     0.23333703
  0.0770705268     0.232337028
  0.0773028657     0.23333703
  0.077536203     0.232337028
  0.0777685419     0.23333703
  0.0780018792     0.232337028
  0.0782342181     0.23333703
  0.0784675553     0.232337028
  0.0786998942     0.23333703
  0.0789332315     0.232337028
  0.0791655704     0.23333703
  0.0793989077     0.232337028
  0.0796312466     0.23333703
  0.0798645839     0.232337028
  0.0800969228     0.23333703
  0.0803302601     0.232337028
  0.080562599     0.23333703
  0.0807959363     0.232337028
  0.0810282752     0.23333703
  0.0812616125     0.232337028
  0.0814939514     0.23333703
  0.0817272887     0.232337028
  0.0819596276     0.23333703
  0.0821929649     0.232337028
  0.0824253038     0.23333703
  0.082658641     0.232337028
  0.0828909799     0.23333703
  0.0831243172     0.232337028
  0.0833566561     0.23333703
  0.0835899934     0.232337028
  0.0838223323     0.23333703
  0.0840556696     0.232337028
  0.0842880085     0.23333703
  0.0845213458     0.232337028
  0.0847536847     0.23333703
  0.084987022     0.232337028
  0.0852193609     0.23333703
  0.0854526982     0.232337028
  0.0856850371     0.23333703
  0.0859183744     0.232337028
  0.0861507133     0.23333703
  0.0863840505     0.232337028
  0.0866163895     0.23333703
  0.0868497267     0.232337028
  0.0870820656     0.23333703
  0.0873154029     0.232337028
  0.0875477418     0.23333703
  0.0877810791     0.232337028
  0.088013418     0.23333703
  0.0882467553     0.232337028
  0.0884790942     0.23333703
  0.0887124315     0.232337028
  0.0889447704     0.23333703
  0.0891781077     0.232337028
  0.0894104466     0.23333703
  0.0896437839     0.232337028
  0.0898761228     0.23333703
  0.0901094601     0.232337028
  0.090341799     0.23333703
  0.0905751362     0.232337028
  0.0908074751     0.23333703
  0.0910408124     0.232337028
  0.0912731513     0.23333703
  0.0915064886     0.232337028
  0.0917388275     0.23333703
  0.0919721648     0.232337028
  0.0922045037     0.23333703
  0.092437841     0.232337028
  0.0926701799     0.23333703
  0.0929035172     0.232337028
  0.0931358561     0.23333703
  0.0933691934     0.232337028
  0.0936015323     0.23333703
  0.0938348696     0.232337028
  0.0940672085     0.23333703
  0.0943005458     0.232337028
  0.0945328847     0.23333703
  0.0947662219     0.232337028
  0.0949985608     0.23333703
  0.0952318981     0.232337028
  0.095464237     0.23333703
  0.0956975743     0.232337028
  0.0959299132     0.23333703
  0.0961632505     0.232337028
  0.0963955894     0.23333703
  0.0966289267     0.232337028
  0.0968612656     0.23333703
  0.0970946029     0.232337028
  0.0973269418     0.23333703
  0.0975602791     0.232337028
  0.097792618     0.23333703
  0.0980259553     0.232337028
  0.0982582942     0.23333703
  0.0984916314     0.232337028
  0.0987239704     0.23333703
  0.0989573076     0.232337028
  0.0991896465     0.23333703
  0.0994229838     0.232337028
  0.0996553227     0.23333703
  0.09988866     0.232337028
  0.100120999     0.23333703
  0.100354336     0.232337028
  0.100586675     0.23333703
  0.100820012     0.232337028
  0.101052351     0.23333703
  0.101285689     0.232337028
  0.101518027     0.23333703
  0.101751365     0.232337028
  0.101983704     0.23333703
  0.102217041     0.232337028
  0.10244938     0.23333703
  0.102682717     0.232337028
  0.102915056     0.23333703
  0.103148393     0.232337028
  0.103380732     0.23333703
  0.10361407     0.232337028
  0.103846408     0.23333703
  0.104079746     0.232337028
  0.104312085     0.23333703
  0.104545422     0.232337028
  0.104777761     0.23333703
  0.105011098     0.232337028
  0.105243437     0.23333703
  0.105476774     0.232337028
  0.105709113     0.23333703
  0.10594245     0.232337028
  0.106174789     0.23333703
  0.106408127     0.232337028
  0.106640466     0.23333703
  0.106873803     0.232337028
  0.107106142     0.23333703
  0.107339479     0.232337028
  0.107571818     0.23333703
  0.107805155     0.232337028
  0.108037494     0.23333703
  0.108270831     0.232337028
  0.10850317     0.23333703
  0.108736508     0.232337028
  0.108968846     0.23333703
  0.109202184     0.232337028
  0.109434523     0.23333703
  0.10966786     0.232337028
  0.109900199     0.23333703
  0.110133536     0.232337028
  0.110365875     0.23333703
  0.110599212     0.232337028
  0.110831551     0.23333703
  0.111064889     0.232337028
  0.111297227     0.23333703
  0.111530565     0.232337028
  0.111762904     0.23333703
  0.111996241     0.232337028
  0.11222858     0.23333703
  0.112461917     0.232337028
  0.112694256     0.23333703
  0.112927593     0.232337028
  0.113159932     0.23333703
  0.113393269     0.232337028
  0.113625608     0.23333703
  0.113858946     0.232337028
  0.114091285     0.23333703
  0.114324622     0.232337028
  0.114556961     0.23333703
  0.114790298     0.232337028
  0.115022637     0.23333703
  0.115255974     0.232337028
  0.115488313     0.23333703
  0.11572165     0.232337028
  0.115953989     0.23333703
  0.116187327     0.232337028
  0.116419666     0.23333703
  0.116653003     0.232337028
  0.116885342     0.23333703
  0.117118679     0.232337028
  0.117351018     0.23333703
  0.117584355     0.232337028
  0.117816694     0.23333703
  0.118050031     0.232337028
  0.11828237     0.23333703
  0.118515708     0.232337028
  0.118748046     0.23333703
  0.118981384     0.232337028
  0.119213723     0.23333703
  0.11944706     0.232337028
  0.119679399     0.23333703
  0.119912736     0.232337028
  0.120145075     0.23333703
  0.120378412     0.232337028
  0.120610751     0.23333703
  0.120844088     0.232337028
  0.121076427     0.23333703
  0.121309765     0.232337028
  0.121542104     0.23333703
  0.121775441     0.232337028
  0.12200778     0.23333703
  0.122241117     0.232337028
  0.122473456     0.23333703
  0.122706793     0.232337028
  0.122939132     0.23333703
  0.123172469     0.232337028
  0.123404808     0.23333703
  0.123638146     0.232337028
  0.123870485     0.23333703
  0.124103822     0.232337028
  0.124336161     0.23333703
  0.124569498     0.232337028
  0.124801837     0.23333703
  0.125035167     0.232337028
  0.125267506     0.23333703
  0.125500843     0.232337028
  0.125733182     0.23333703
  0.125966519     0.232337028
  0.126198858     0.23333703
  0.126432195     0.232337028
  0.126664534     0.23333703
  0.126897871     0.232337028
  0.12713021     0.23333703
  0.127363548     0.232337028
  0.127595887     0.23333703
  0.127829224     0.232337028
  0.128061563     0.23333703
  0.1282949     0.232337028
  0.128527239     0.23333703
  0.128760576     0.232337028
  0.128992915     0.23333703
  0.129226252     0.232337028
  0.129458591     0.23333703
  0.129691929     0.232337028
  0.129924268     0.23333703
  0.130157605     0.232337028
  0.130389944     0.23333703
  0.130623281     0.232337028
  0.13085562     0.23333703
  0.131088957     0.232337028
  0.131321296     0.23333703
  0.131554633     0.232337028
  0.131786972     0.23333703
  0.13202031     0.232337028
  0.132252648     0.23333703
  0.132485986     0.232337028
  0.132718325     0.23333703
  0.132951662     0.232337028
  0.133184001     0.23333703
  0.133417338     0.232337028
  0.133649677     0.23333703
  0.133883014     0.232337028
  0.134115353     0.23333703
  0.134348691     0.232337028
  0.134581029     0.23333703
  0.134814367     0.232337028
  0.135046706     0.23333703
  0.135280043     0.232337028
  0.135512382     0.23333703
  0.135745719     0.232337028
  0.135978058     0.23333703
  0.136211395     0.232337028
  0.136443734     0.23333703
  0.136677071     0.232337028
  0.13690941     0.23333703
  0.137142748     0.232337028
  0.137375087     0.23333703
  0.137608424     0.232337028
  0.137840763     0.23333703
  0.1380741     0.232337028
  0.138306439     0.23333703
  0.138539776     0.232337028
  0.138772115     0.23333703
  0.139005452     0.232337028
  0.139237791     0.23333703
  0.139471129     0.232337028
  0.139703467     0.23333703
  0.139936805     0.232337028
  0.140169144     0.23333703
  0.140402481     0.232337028
  0.14063482     0.23333703
  0.140868157     0.232337028
  0.141100496     0.23333703
  0.141333833     0.232337028
  0.141566172     0.23333703
  0.14179951     0.232337028
  0.142031848     0.23333703
  0.142265186     0.232337028
  0.142497525     0.23333703
  0.142730862     0.232337028
  0.142963201     0.23333703
  0.143196538     0.232337028
  0.143428877     0.23333703
  0.143662214     0.232337028
  0.143894553     0.23333703
  0.14412789     0.232337028
  0.144360229     0.23333703
  0.144593567     0.232337028
  0.144825906     0.23333703
  0.145059243     0.232337028
  0.145291582     0.23333703
  0.145524919     0.232337028
  0.145757258     0.23333703
  0.145990595     0.232337028
  0.146222934     0.23333703
  0.146456271     0.232337028
  0.14668861     0.23333703
  0.146921948     0.232337028
  0.147154287     0.23333703
  0.147387624     0.232337028
  0.147619963     0.23333703
  0.1478533     0.232337028
  0.148085639     0.23333703
  0.148318976     0.232337028
  0.148551315     0.23333703
  0.148784652     0.232337028
  0.149016991     0.23333703
  0.149250329     0.232337028
  0.149482667     0.23333703
  0.149716005     0.232337028
  0.149948344     0.23333703
  0.150181681     0.232337028
  0.15041402     0.23333703
  0.150647357     0.232337028
  0.150879696     0.23333703
  0.151113033     0.232337028
  0.151345372     0.23333703
  0.151578709     0.232337028
  0.151811048     0.23333703
  0.152044386     0.232337028
  0.152276725     0.23333703
  0.152510062     0.232337028
  0.152742401     0.23333703
  0.152975738     0.232337028
  0.153208077     0.23333703
  0.153441414     0.232337028
  0.153673753     0.23333703
  0.15390709     0.232337028
  0.154139429     0.23333703
  0.154372767     0.232337028
  0.154605106     0.23333703
  0.154838443     0.232337028
  0.155070782     0.23333703
  0.155304119     0.232337028
  0.155536458     0.23333703
  0.155769795     0.232337028
  0.156002134     0.23333703
  0.156235471     0.232337028
  0.15646781     0.23333703
  0.156701148     0.232337028
  0.156933486     0.23333703
  0.157166824     0.232337028
  0.157399163     0.23333703
  0.1576325     0.232337028
  0.157864839     0.23333703
  0.158098176     0.232337028
  0.158330515     0.23333703
  0.158563852     0.232337028
  0.158796191     0.23333703
  0.159029528     0.232337028
  0.159261867     0.23333703
  0.159495205     0.232337028
  0.159727544     0.23333703
  0.159960881     0.232337028
  0.16019322     0.23333703
  0.160426557     0.232337028
  0.160658896     0.23333703
  0.160892233     0.232337028
  0.161124572     0.23333703
  0.161357909     0.232337028
  0.161590248     0.23333703
  0.161823586     0.232337028
  0.162055925     0.23333703
  0.162289262     0.232337028
  0.162521601     0.23333703
  0.162754938     0.232337028
  0.162987277     0.23333703
  0.163220614     0.232337028
  0.163452953     0.23333703
  0.16368629     0.232337028
  0.163918629     0.23333703
  0.164151967     0.232337028
  0.164384305     0.23333703
  0.164617643     0.232337028
  0.164849982     0.23333703
  0.165083319     0.232337028
  0.165315658     0.23333703
  0.165548995     0.232337028
  0.165781334     0.23333703
  0.166014671     0.232337028
  0.16624701     0.23333703
  0.166480348     0.232337028
  0.166712686     0.23333703
  0.166946024     0.232337028
  0.167178363     0.23333703
  0.1674117     0.232337028
  0.167644039     0.23333703
  0.167877376     0.232337028
  0.168109715     0.23333703
  0.168343052     0.232337028
  0.168575391     0.23333703
  0.168808728     0.232337028
  0.169041067     0.23333703
  0.169274405     0.232337028
  0.169506744     0.23333703
  0.169740081     0.232337028
  0.16997242     0.23333703
  0.170205757     0.232337028
  0.170438096     0.23333703
  0.170671433     0.232337028
  0.170903772     0.23333703
  0.171137109     0.232337028
  0.171369448     0.23333703
  0.171602786     0.232337028
  0.171835124     0.23333703
  0.172068462     0.232337028
  0.172300801     0.23333703
  0.172534138     0.232337028
  0.172766477     0.23333703
  0.172999814     0.232337028
  0.173232153     0.23333703
  0.17346549     0.232337028
  0.173697829     0.23333703
  0.173931167     0.232337028
  0.174163505     0.23333703
  0.174396843     0.232337028
  0.174629182     0.23333703
  0.174862519     0.232337028
  0.175094858     0.23333703
  0.175328195     0.232337028
  0.175560534     0.23333703
  0.175793871     0.232337028
  0.17602621     0.23333703
  0.176259547     0.232337028
  0.176491886     0.23333703
  0.176725224     0.232337028
  0.176957563     0.23333703
  0.1771909     0.232337028
  0.177423239     0.23333703
  0.177656576     0.232337028
  0.177888915     0.23333703
  0.178122252     0.232337028
  0.178354591     0.23333703
  0.178587928     0.232337028
  0.178820267     0.23333703
  0.179053605     0.232337028
  0.179285944     0.23333703
  0.179519281     0.232337028
  0.17975162     0.23333703
  0.179984957     0.232337028
  0.180217296     0.23333703
  0.180450633     0.232337028
  0.180682972     0.23333703
  0.180916309     0.232337028
  0.181148648     0.23333703
  0.181381986     0.232337028
  0.181614324     0.23333703
  0.181847662     0.232337028
  0.182080001     0.23333703
  0.182313338     0.232337028
  0.182545677     0.23333703
  0.182779014     0.232337028
  0.183011353     0.23333703
  0.18324469     0.232337028
  0.183477029     0.23333703
  0.183710366     0.232337028
  0.183942705     0.23333703
  0.184176043     0.232337028
  0.184408382     0.23333703
  0.184641719     0.232337028
  0.184874058     0.23333703
  0.185107395     0.232337028
  0.185339734     0.23333703
  0.185573071     0.232337028
  0.18580541     0.23333703
  0.186038747     0.232337028
  0.186271086     0.23333703
  0.186504424     0.232337028
  0.186736763     0.23333703
  0.1869701     0.232337028
  0.187202439     0.23333703
  0.187435776     0.232337028
  0.187668115     0.23333703
  0.187901452     0.232337028
  0.188133791     0.23333703
  0.188367128     0.232337028
  0.188599467     0.23333703
  0.188832805     0.232337028
  0.189065143     0.23333703
  0.189298481     0.232337028
  0.18953082     0.23333703
  0.189764157     0.232337028
  0.189996496     0.23333703
  0.190229833     0.232337028
  0.190462172     0.23333703
  0.190695509     0.232337028
  0.190927848     0.23333703
  0.191161186     0.232337028
  0.191393524     0.23333703
  0.191626862     0.232337028
  0.191859201     0.23333703
  0.192092538     0.232337028
  0.192324877     0.23333703
  0.192558214     0.232337028
  0.192790553     0.23333703
  0.19302389     0.232337028
  0.193256229     0.23333703
  0.193489566     0.232337028
  0.193721905     0.23333703
  0.193955243     0.232337028
  0.194187582     0.23333703
  0.194420919     0.232337028
  0.194653258     0.23333703
  0.194886595     0.232337028
  0.195118934     0.23333703
  0.195352271     0.232337028
  0.19558461     0.23333703
  0.195817947     0.232337028
  0.196050286     0.23333703
  0.196283624     0.232337028
  0.196515962     0.23333703
  0.1967493     0.232337028
  0.196981639     0.23333703
  0.197214976     0.232337028
  0.197447315     0.23333703
  0.197680652     0.232337028
  0.197912991     0.23333703
  0.198146328     0.232337028
  0.198378667     0.23333703
  0.198612005     0.232337028
  0.198844343     0.23333703
  0.199077681     0.232337028
  0.19931002     0.23333703
  0.199543357     0.232337028
  0.199775696     0.23333703
  0.200009033     0.232337028
  0.200241372     0.23333703
  0.200474709     0.232337028
  0.200707048     0.23333703
  0.200940385     0.232337028
  0.201172724     0.23333703
  0.201406062     0.232337028
  0.201638401     0.23333703
  0.201871738     0.232337028
  0.202104077     0.23333703
  0.202337414     0.232337028
  0.202569753     0.23333703
  0.20280309     0.232337028
  0.203035429     0.23333703
  0.203268766     0.232337028
  0.203501105     0.23333703
  0.203734443     0.232337028
  0.203966781     0.23333703
  0.204200119     0.232337028
  0.204432458     0.23333703
  0.204665795     0.232337028
  0.204898134     0.23333703
  0.205131471     0.232337028
  0.20536381     0.23333703
  0.205597147     0.232337028
  0.205829486     0.23333703
  0.206062824     0.232337028
  0.206295162     0.23333703
  0.2065285     0.232337028
  0.206760839     0.23333703
  0.206994176     0.232337028
  0.207226515     0.23333703
  0.207459852     0.232337028
  0.207692191     0.23333703
  0.207925528     0.232337028
  0.208157867     0.23333703
  0.208391204     0.232337028
  0.208623543     0.23333703
  0.208856881     0.232337028
  0.20908922     0.23333703
  0.209322557     0.232337028
  0.209554896     0.23333703
  0.209788233     0.232337028
  0.210020572     0.23333703
  0.210253909     0.232337028
  0.210486248     0.23333703
  0.210719585     0.232337028
  0.210951924     0.23333703
  0.211185262     0.232337028
  0.211417601     0.23333703
  0.211650938     0.232337028
  0.211883277     0.23333703
  0.212116614     0.232337028
  0.212348953     0.23333703
  0.21258229     0.232337028
  0.212814629     0.23333703
  0.213047966     0.232337028
  0.213280305     0.23333703
  0.213513643     0.232337028
  0.213745981     0.23333703
  0.213979319     0.232337028
  0.214211658     0.23333703
  0.214444995     0.232337028
  0.214677334     0.23333703
  0.214910671     0.232337028
  0.21514301     0.23333703
  0.215376347     0.232337028
  0.215608686     0.23333703
  0.215842023     0.232337028
  0.216074362     0.23333703
  0.2163077     0.232337028
  0.216540039     0.23333703
  0.216773376     0.232337028
  0.217005715     0.23333703
  0.217239052     0.232337028
  0.217471391     0.23333703
  0.217704728     0.232337028
  0.217937067     0.23333703
  0.218170404     0.232337028
  0.218402743     0.23333703
  0.218636081     0.232337028
  0.21886842     0.23333703
  0.219101757     0.232337028
  0.219334096     0.23333703
  0.219567433     0.232337028
  0.219799772     0.23333703
  0.220033109     0.232337028
  0.220265448     0.23333703
  0.220498785     0.232337028
  0.220731124     0.23333703
  0.220964462     0.232337028
  0.2211968     0.23333703
  0.221430138     0.232337028
  0.221662477     0.23333703
  0.221895814     0.232337028
  0.222128153     0.23333703
  0.22236149     0.232337028
  0.222593829     0.23333703
  0.222827166     0.232337028
  0.223059505     0.23333703
  0.223292843     0.232337028
  0.223525181     0.23333703
  0.223758519     0.232337028
  0.223990858     0.23333703
  0.224224195     0.232337028
  0.224456534     0.23333703
  0.224689871     0.232337028
  0.22492221     0.23333703
  0.225155547     0.232337028
  0.225387886     0.23333703
  0.225621223     0.232337028
  0.225853562     0.23333703
  0.2260869     0.232337028
  0.226319239     0.23333703
  0.226552576     0.232337028
  0.226784915     0.23333703
  0.227018252     0.232337028
  0.227250591     0.23333703
  0.227483928     0.232337028
  0.227716267     0.23333703
  0.227949604     0.232337028
  0.228181943     0.23333703
  0.228415281     0.232337028
  0.228647619     0.23333703
  0.228880957     0.232337028
  0.229113296     0.23333703
  0.229346633     0.232337028
  0.229578972     0.23333703
  0.229812309     0.232337028
  0.230044648     0.23333703
  0.230277985     0.232337028
  0.230510324     0.23333703
  0.230743662     0.232337028
  0.230976     0.23333703
  0.231209338     0.232337028
  0.231441677     0.23333703
  0.231675014     0.232337028
  0.231907353     0.23333703
  0.23214069     0.232337028
  0.232373029     0.23333703
  0.232606366     0.232337028
